 2 
 0 
 0 
 0 
 0 
 0 
 1 
 6 
-1 
 0 
-1 
 0 
 1 
 5 
-1 
 0 
 1 
 7 
-1 
 0 
 1 
 2 
-1 
 0 
 0 
-1 
 0 
 0 
-1 
 0 
 6 
 0 
 3 
 0 
 0 
 0 
 0 
 0 
 4 
 0 
 0 
 0 
 0 
 0 
-1 
 4 
 0 
 8 
 9 
 12 
-1 
 0 
 0 
-1 
 0 
 1 
 1 
-1 
 0 
 1 
 4 
-1 
 0 
 1 
 14 
-1 
 0 
 1 
 3 
-1 
 3 
 2 
 3 
 4 
 0 
 0 
 1 
 1 
 1 
 0 
 6 
 2 
 1 
 2 
 2 
-1 
 0 
-1 
 0 
 0 
 3 
 0 
 0 
 0 
 0 
 0 
 0 
 0 
 0 
 0 
 0 
 0 
 0 
 0 
 0 
 0 
 0 
 13 
 10 
-1 
-1 
-1 
-1 
-1 
-1 
-1 
-1 
-1 
-1 
-1 
-1 
-1 
 17 
 21 
 20 
 24 
 18 
 19 
 15 
 23 
 16 
-1 
-1 
 0 
 0 
 0 
 0 
 27 
 31 
 29 
 32 
 25 
 33 
 34 
 30 
 26 
-1 
-1 
 0 
 0 
 0 
 0 
 36 
 42 
 35 
 37 
 43 
 40 
 41 
 38 
 44 
-1 
-1 
 0 
 0 
 0 
 0 
 45 
 54 
 47 
 49 
 52 
 48 
 46 
 51 
 53 
-1 
-1 
 0 
 0 
 0 
 0 
 63 
 60 
 64 
 58 
 55 
 62 
 61 
 56 
 59 
-1 
-1 
 0 
 0 
 0 
 0 
 69 
 73 
 71 
 66 
 68 
 74 
 67 
 65 
 70 
-1 
-1 
 0 
 0 
 0 
 0 
 80 
 83 
 79 
 84 
 78 
 75 
 81 
 82 
 76 
-1 
-1 
 0 
 0 
 0 
 0 
 85 
 92 
 94 
 90 
 86 
 93 
 88 
 91 
 89 
-1 
-1 
 0 
 0 
 0 
 0 
 99 
 100 
 104 
 103 
 95 
 98 
 97 
 101 
 102 
 96 
-1 
 0 
 0 
 0 
 0 
