 2 
 21 
 1 
 0 
 0 
 0 
 11 
 2 
 10 
 16 
 18 
 26 
 50 
 52 
 53 
 54 
 62 
 63 
-1 
 11 
 1 
 3 
 4 
 5 
 11 
 13 
 20 
 28 
 29 
 31 
 42 
-1 
 0 
 1 
 6 
-1 
 2 
 4 
 51 
 39 
 7 
 9 
-1 
 0 
 1 
 8 
-1 
 0 
 1 
 25 
-1 
 0 
 2 
 49 
 41 
-1 
 2 
 11 
 2 
 3 
 2 
 0 
 0 
 0 
 0 
 38 
 5 
 0 
 0 
 0 
 10 
 36 
 38 
 43 
 44 
 55 
 57 
 58 
 60 
 61 
 64 
-1 
 13 
 12 
 15 
 17 
 21 
 22 
 23 
 27 
 32 
 33 
 35 
 40 
 45 
 46 
-1 
 2 
 2 
 19 
 0 
-1 
 0 
 1 
 48 
-1 
 0 
 1 
 59 
-1 
 0 
 1 
 34 
-1 
 0 
 1 
 67 
-1 
 3 
 1 
 2 
 3 
 7 
 0 
 1 
 1 
 1 
 0 
 30 
 2 
 1 
 3 
 2 
-1 
 0 
-1 
 0 
 0 
 48 
 0 
 1 
 1 
 1 
 1 
 1 
 1 
 0 
 0 
 0 
 0 
 0 
 0 
 0 
 0 
 0 
-1 
-1 
-1 
-1 
-1 
-1 
-1 
-1 
-1 
-1 
-1 
-1 
-1 
-1 
-1 
-1 
-1 
-1 
-1 
-1 
-1 
-1 
-1 
-1 
-1 
-1 
 0 
 0 
 0 
 0 
-1 
-1 
-1 
-1 
-1 
-1 
-1 
-1 
-1 
-1 
-1 
 0 
 0 
 0 
 0 
-1 
-1 
-1 
-1 
-1 
-1 
-1 
-1 
-1 
-1 
-1 
 0 
 0 
 0 
 0 
-1 
-1 
-1 
-1 
-1 
-1 
-1 
-1 
-1 
-1 
-1 
 0 
 0 
 0 
 0 
-1 
-1 
-1 
-1 
-1 
-1 
-1 
-1 
-1 
-1 
-1 
 0 
 0 
 0 
 0 
 70 
 68 
 72 
 65 
 69 
 66 
 71 
 73 
-1 
-1 
-1 
 0 
 0 
 0 
 0 
 83 
 77 
 84 
 75 
 82 
 78 
 79 
 81 
 80 
-1 
-1 
 0 
 0 
 0 
 0 
 94 
 89 
 90 
 86 
 93 
 88 
 87 
 92 
 85 
-1 
-1 
 0 
 0 
 0 
 0 
 99 
 96 
 101 
 103 
 100 
 98 
 102 
 104 
 95 
 97 
-1 
 0 
 0 
 0 
 0 
