 2 
 0 
 0 
 0 
 0 
 0 
 4 
 0 
 2 
 5 
 14 
-1 
 0 
-1 
 0 
 1 
 6 
-1 
 0 
 2 
 7 
 1 
-1 
 0 
 0 
-1 
 0 
 0 
-1 
 0 
 0 
-1 
 0 
 6 
 0 
 0 
 0 
 0 
 0 
 0 
 0 
 6 
 0 
 0 
 0 
 0 
 3 
 4 
 9 
 10 
-1 
 3 
 19 
 20 
 22 
-1 
 0 
 0 
-1 
 0 
 0 
-1 
 0 
 1 
 8 
-1 
 0 
 1 
 13 
-1 
 0 
 2 
 3 
 12 
-1 
 2 
 4 
 2 
 1 
 0 
 0 
 1 
 1 
 1 
 0 
 5 
 2 
 1 
 2 
 2 
-1 
 0 
-1 
 0 
 0 
 3 
 0 
 0 
 0 
 0 
 0 
 0 
 0 
 0 
 0 
 0 
 0 
 0 
 0 
 0 
 0 
 0 
-1 
-1 
-1 
-1 
-1 
-1 
-1 
-1 
-1 
-1 
-1 
-1 
-1 
-1 
-1 
 15 
 21 
 17 
 23 
 24 
 16 
-1 
-1 
-1 
-1 
-1 
 0 
 0 
 0 
 0 
 32 
 26 
 33 
 27 
 28 
 30 
 25 
 31 
 34 
-1 
-1 
 0 
 0 
 0 
 0 
 38 
 44 
 42 
 40 
 39 
 35 
 36 
 43 
 37 
-1 
-1 
 0 
 0 
 0 
 0 
 46 
 47 
 48 
 53 
 51 
 52 
 50 
 45 
 54 
-1 
-1 
 0 
 0 
 0 
 0 
 64 
 57 
 61 
 56 
 58 
 59 
 63 
 62 
 55 
-1 
-1 
 0 
 0 
 0 
 0 
 68 
 69 
 70 
 66 
 65 
 73 
 71 
 74 
 72 
-1 
-1 
 0 
 0 
 0 
 0 
 84 
 82 
 81 
 80 
 75 
 79 
 83 
 76 
 78 
-1 
-1 
 0 
 0 
 0 
 0 
 86 
 85 
 87 
 90 
 89 
 91 
 92 
 88 
 94 
-1 
-1 
 0 
 0 
 0 
 0 
 104 
 103 
 102 
 99 
 97 
 95 
 100 
 101 
 98 
 96 
-1 
 0 
 0 
 0 
 0 
